        20
        40
 1.06256361097056e+05         5
         3
         8
        12
        14
        16
 2.13787354526104e+05         6
         6
         9
        12
        13
        14
        16
 2.15676546995239e+05         7
         3
         5
         9
        11
        12
        14
        20
 2.21447475764967e+05         6
         1
         7
        14
        15
        17
        18
 3.28400149208249e+04         2
        15
        20
 9.23687952472914e+04         1
        20
 1.82009198934183e+05         7
         1
         5
        11
        14
        16
        17
        19
 1.46188510827997e+05         8
         4
         9
        11
        12
        13
        15
        18
        19
 2.48383628730726e+05         8
         2
         5
        11
        12
        14
        15
        17
        19
 1.21624669339736e+05         2
         6
         7
 2.06529651653276e+05         8
         1
         2
         4
         5
         6
        10
        16
        19
 2.33489306694106e+05         8
         2
         4
         5
         6
         8
         9
        10
        17
 1.88297397052119e+05         7
         1
         5
         8
         9
        10
        13
        19
 1.62941962975748e+05         6
        10
        13
        16
        17
        18
        19
 1.98775652119199e+05         7
         1
         2
         6
        11
        12
        15
        19
 1.66540992476494e+05         7
         2
         4
         7
        10
        11
        13
        17
 1.42217313447927e+05         4
         2
         5
         6
        20
 1.86294718855307e+05         6
         6
         8
         9
        13
        17
        18
 7.99528089270220e+04         2
         3
         8
 1.93463940964470e+05         6
         2
         4
        14
        16
        17
        19
 1.86703181894739e+05         4
         3
         5
         6
        20
 1.76462927338221e+05         4
         5
        11
        14
        18
 8.45513374344906e+04         3
         4
         5
        11
 8.24712765005052e+04         2
         4
        20
 1.98796837091372e+05         8
         2
         5
         8
        11
        15
        16
        19
        20
 1.16950607028581e+05         1
        13
 2.54594078245920e+05         7
         2
         3
         5
         6
        13
        15
        17
 1.95201874757767e+05         6
         3
        15
        17
        18
        19
        20
 2.10611490500012e+05         4
         2
         4
         9
        17
 1.10576388412580e+05         4
         4
        13
        15
        19
 1.67250587176065e+05         6
         2
         3
         7
         8
        18
        20
 7.98694438010606e+04         2
        13
        20
 2.03243664554020e+05         7
         4
         5
        13
        15
        16
        17
        18
 1.85740102677237e+05         6
         2
         9
        12
        13
        15
        17
 1.20517315466474e+05         3
         4
        14
        20
 2.10523087116844e+05         8
         3
         4
         8
        10
        12
        13
        15
        18
 2.07381717304029e+05         6
         2
         3
         4
         6
        15
        19
 1.90268170506125e+05         6
         1
         4
         5
        12
        13
        15
 1.50685101082942e+05         7
         5
         6
         7
         9
        11
        16
        18
 1.37150596001202e+05         3
         1
         3
         8
